0
0.00938289
0.00876946
0.00816334
0.00756801
0.00698679
0.00642271
0.00587855
0.00535674
0.00485935
0.00438807
0.00394419
0.00352862
0.00314188
0.00278412
0.00245514
0.00215444
0.00188122
0.00163445
0.00141292
0.00121521
0.00103984
0.000885193
0.000749644
0.000631544
0.00052926
0.000441204
0.000365849
0.000301749
0.000247548
0.000201991
0.000163928
0.000132317
0.000106221
8.48054e-05
6.73369e-05
5.31727e-05
4.17565e-05
3.261e-05
2.53258e-05
1.95593e-05
1.50216e-05
1.14722e-05
8.71242e-06
6.5794e-06
4.94065e-06
3.68916e-06
2.73913e-06
2.02224e-06
1.48452e-06
1.0836e-06
7.86453e-07
5.67542e-07
4.0723e-07
2.90533e-07
2.06091e-07
1.45355e-07
1.01931e-07
7.10688e-08
4.92664e-08
3.3956e-08
2.32688e-08
1.58534e-08
1.07388e-08
7.23224e-09
4.84253e-09
3.22367e-09
2.13357e-09
1.40391e-09
9.18425e-10
5.97337e-10
3.86246e-10
2.483e-10
1.58691e-10
1.00831e-10
6.36938e-11
4e-11
2.49737e-11
1.5501e-11
9.56521e-12
5.86789e-12
3.57868e-12
2.16977e-12
1.30784e-12
7.83687e-13
4.6685e-13
2.76477e-13
1.62773e-13
9.52688e-14
5.54319e-14
3.20634e-14
1.84373e-14
1.05396e-14
5.98944e-15
3.38365e-15
1.90028e-15
1.06092e-15
5.88819e-16
3.24871e-16
1.78185e-16
9.71535e-17
5.26592e-17
2.83737e-17
1.51979e-17
8.0924e-18
4.28345e-18
2.25389e-18
1.17894e-18
6.13019e-19
3.16865e-19
1.62814e-19
8.31628e-20
4.22262e-20
2.13132e-20
1.06938e-20
5.33369e-21
2.64446e-21
1.30333e-21
6.38537e-22
3.10975e-22
1.50547e-22
7.24483e-23
3.46569e-23
1.648e-23
7.78982e-24
3.66017e-24
1.70953e-24
7.93698e-25
3.66297e-25
1.68039e-25
7.66274e-26
3.47341e-26
1.56503e-26
7.00947e-27
3.12062e-27
1.38098e-27
6.07475e-28
2.65618e-28
1.15445e-28
4.98751e-29
2.14179e-29
9.14232e-30
3.879e-30
1.63594e-30
6.85797e-31
2.85763e-31
1.18357e-31
4.87262e-32
1.99392e-32
8.11012e-33
3.27886e-33
1.31762e-33
5.26296e-34
2.08949e-34
8.24555e-35
3.2342e-35
1.2609e-35
4.88606e-36
1.88192e-36
7.20451e-37
2.74138e-37
1.03679e-37
3.89739e-38
1.45617e-38
5.40757e-39
1.99594e-39
7.32222e-40
2.66986e-40
9.6757e-41
3.48516e-41
1.24769e-41
4.43952e-42
1.57002e-42
5.51842e-43
1.9278e-43
6.69338e-44
2.30974e-44
7.92159e-45
2.70018e-45
9.1475e-46
3.07991e-46
1.03062e-46
3.42754e-47
1.13289e-47
3.72144e-48
1.21493e-48
3.94191e-49
1.27108e-49
4.07336e-50
1.2973e-50
4.10613e-51
1.2916e-51
4.03764e-52
1.25437e-52
3.87277e-53
1.18826e-53
3.62322e-54
1.09791e-54
3.30618e-55
9.89364e-56
2.94137e-56
8.65139e-57
2.43659e-57
2.48564e-58
-1.08559e-57
-5.35764e-57
-1.4078e-56
-5.76782e-56
-1.48886e-55
-5.98892e-55
-1.53411e-54
-6.06612e-54
-1.54206e-53
-5.99454e-53
-1.51222e-52
-5.77964e-52
-1.44681e-51
-5.43707e-51
-1.35055e-50
-4.99074e-50
-1.23008e-49
-4.47011e-49
-1.09318e-48
-3.90698e-48
-9.4799e-48
-3.33235e-47
-8.02209e-47
-2.77373e-46
-6.62458e-46
-2.25317e-45
-5.33865e-45
-1.78632e-44
-4.19877e-44
-1.38221e-43
-3.2229e-43
-1.04388e-42
-2.41445e-42
-7.69496e-42
-1.76544e-41
-5.53674e-41
-1.25998e-40
-3.88873e-40
-8.77734e-40
-2.66614e-39
-5.96853e-39
-1.78439e-38
-3.96177e-38
-1.16585e-37
-2.56709e-37
-7.43631e-37
-1.62382e-36
-4.63067e-36
-1.00274e-35
-2.81524e-35
-6.0452e-35
-1.67103e-34
-3.55806e-34
-9.6842e-34
-2.04461e-33
-5.47981e-33
-1.14713e-32
-3.02762e-32
-6.28397e-32
-1.63336e-31
-3.36113e-31
-8.60445e-31
-1.75541e-30
-4.42622e-30
-8.95214e-30
-2.22344e-29
-4.45801e-29
-1.09071e-28
-2.16787e-28
-5.2252e-28
-1.02947e-27
-2.44462e-27
-4.77416e-27
-1.11699e-26
-2.16219e-26
-4.98459e-26
-9.5635e-26
-2.17251e-25
-4.13121e-25
-9.24827e-25
-1.74296e-24
-3.84536e-24
-7.18227e-24
-1.56172e-23
-2.89075e-23
-6.19546e-23
-1.13644e-22
-2.40082e-22
-4.36403e-22
-9.08816e-22
-1.63697e-21
-3.36074e-21
-5.99826e-21
-1.21409e-20
-2.1471e-20
-4.2849e-20
-7.50821e-20
-1.47746e-19
-2.56504e-19
-4.9773e-19
-8.56135e-19
-1.63829e-18
-2.79187e-18
-5.26892e-18
-8.89553e-18
-1.65579e-17
-2.76942e-17
-5.08465e-17
-8.42492e-17
-1.52583e-16
-2.5045e-16
-4.4747e-16
-7.27576e-16
-1.28248e-15
-2.06565e-15
-3.59248e-15
-5.73166e-15
-9.83595e-15
-1.55444e-14
-2.63234e-14
-4.12064e-14
-6.88649e-14
-1.06777e-13
-1.76122e-13
-2.70488e-13
-4.40373e-13
-6.69889e-13
-1.07659e-12
-1.6221e-12
-2.5736e-12
-3.84071e-12
-6.01631e-12
-8.89287e-12
-1.37549e-11
-2.01379e-11
-3.07589e-11
-4.46041e-11
-6.7285e-11
-9.66439e-11
-1.43997e-10
-2.04866e-10
-3.01533e-10
-4.24935e-10
-6.17911e-10
-8.62581e-10
-1.23937e-09
-1.71387e-09
-2.43351e-09
-3.33377e-09
-4.67859e-09
-6.34992e-09
-8.80927e-09
-1.18462e-08
-1.62487e-08
-2.1651e-08
-2.93678e-08
-3.87794e-08
-5.20282e-08
-6.80915e-08
-9.0381e-08
-1.17253e-07
-1.54016e-07
-1.981e-07
-2.57582e-07
-3.28549e-07
-4.23024e-07
-5.35223e-07
-6.82656e-07
-8.57032e-07
-1.08333e-06
-1.35007e-06
-1.69221e-06
-2.09442e-06
-2.60479e-06
-3.20382e-06
-3.95671e-06
-4.84022e-06
-5.94189e-06
-7.23679e-06
-8.84227e-06
-1.07372e-05
-1.30805e-05
-1.58677e-05
-1.93212e-05
-2.34824e-05
-2.8684e-05
-3.50855e-05
-4.32478e-05
-5.36509e-05
-6.74487e-05
-8.61566e-05
-0.000113053
-0.000154459
-0.000226732
-0.000379883
-0.000811535
-0.0024781
-0.000811535
-0.000379883
-0.000226732
-0.000154459
-0.000113053
-8.61566e-05
-6.74487e-05
-5.36509e-05
-4.32478e-05
-3.50855e-05
-2.8684e-05
-2.34824e-05
-1.93212e-05
-1.58677e-05
-1.30805e-05
-1.07372e-05
-8.84227e-06
-7.23679e-06
-5.94189e-06
-4.84022e-06
-3.95671e-06
-3.20382e-06
-2.60479e-06
-2.09442e-06
-1.69221e-06
-1.35007e-06
-1.08333e-06
-8.57032e-07
-6.82656e-07
-5.35223e-07
-4.23024e-07
-3.28549e-07
-2.57582e-07
-1.981e-07
-1.54016e-07
-1.17253e-07
-9.0381e-08
-6.80915e-08
-5.20282e-08
-3.87794e-08
-2.93678e-08
-2.1651e-08
-1.62487e-08
-1.18462e-08
-8.80927e-09
-6.34992e-09
-4.67859e-09
-3.33377e-09
-2.43351e-09
-1.71387e-09
-1.23937e-09
-8.62581e-10
-6.17911e-10
-4.24935e-10
-3.01533e-10
-2.04866e-10
-1.43997e-10
-9.66439e-11
-6.7285e-11
-4.46041e-11
-3.07589e-11
-2.01379e-11
-1.37549e-11
-8.89287e-12
-6.01631e-12
-3.84071e-12
-2.5736e-12
-1.6221e-12
-1.07659e-12
-6.69889e-13
-4.40373e-13
-2.70488e-13
-1.76122e-13
-1.06777e-13
-6.88649e-14
-4.12064e-14
-2.63234e-14
-1.55444e-14
-9.83595e-15
-5.73166e-15
-3.59248e-15
-2.06565e-15
-1.28248e-15
-7.27576e-16
-4.4747e-16
-2.5045e-16
-1.52583e-16
-8.42492e-17
-5.08465e-17
-2.76942e-17
-1.65579e-17
-8.89553e-18
-5.26892e-18
-2.79187e-18
-1.63829e-18
-8.56135e-19
-4.9773e-19
-2.56504e-19
-1.47746e-19
-7.50821e-20
-4.2849e-20
-2.1471e-20
-1.21409e-20
-5.99826e-21
-3.36074e-21
-1.63697e-21
-9.08816e-22
-4.36403e-22
-2.40082e-22
-1.13644e-22
-6.19546e-23
-2.89075e-23
-1.56172e-23
-7.18227e-24
-3.84536e-24
-1.74296e-24
-9.24827e-25
-4.13121e-25
-2.17251e-25
-9.5635e-26
-4.98459e-26
-2.16219e-26
-1.11699e-26
-4.77416e-27
-2.44462e-27
-1.02947e-27
-5.2252e-28
-2.16787e-28
-1.09071e-28
-4.45801e-29
-2.22344e-29
-8.95214e-30
-4.42622e-30
-1.75541e-30
-8.60445e-31
-3.36113e-31
-1.63336e-31
-6.28397e-32
-3.02762e-32
-1.14713e-32
-5.47981e-33
-2.04461e-33
-9.6842e-34
-3.55806e-34
-1.67103e-34
-6.0452e-35
-2.81524e-35
-1.00274e-35
-4.63067e-36
-1.62382e-36
-7.43631e-37
-2.56709e-37
-1.16585e-37
-3.96177e-38
-1.78439e-38
-5.96853e-39
-2.66614e-39
-8.77734e-40
-3.88873e-40
-1.25998e-40
-5.53674e-41
-1.76544e-41
-7.69496e-42
-2.41445e-42
-1.04388e-42
-3.2229e-43
-1.38221e-43
-4.19877e-44
-1.78632e-44
-5.33865e-45
-2.25317e-45
-6.62458e-46
-2.77373e-46
-8.02209e-47
-3.33235e-47
-9.4799e-48
-3.90698e-48
-1.09318e-48
-4.47011e-49
-1.23008e-49
-4.99074e-50
-1.35055e-50
-5.43707e-51
-1.44681e-51
-5.77964e-52
-1.51222e-52
-5.99454e-53
-1.54206e-53
-6.06612e-54
-1.53411e-54
-5.98892e-55
-1.48886e-55
-5.76782e-56
-1.4078e-56
-5.35764e-57
-1.08559e-57
2.48564e-58
2.43659e-57
8.65139e-57
2.94137e-56
9.89364e-56
3.30618e-55
1.09791e-54
3.62322e-54
1.18826e-53
3.87277e-53
1.25437e-52
4.03764e-52
1.2916e-51
4.10613e-51
1.2973e-50
4.07336e-50
1.27108e-49
3.94191e-49
1.21493e-48
3.72144e-48
1.13289e-47
3.42754e-47
1.03062e-46
3.07991e-46
9.1475e-46
2.70018e-45
7.92159e-45
2.30974e-44
6.69338e-44
1.9278e-43
5.51842e-43
1.57002e-42
4.43952e-42
1.24769e-41
3.48516e-41
9.6757e-41
2.66986e-40
7.32222e-40
1.99594e-39
5.40757e-39
1.45617e-38
3.89739e-38
1.03679e-37
2.74138e-37
7.20451e-37
1.88192e-36
4.88606e-36
1.2609e-35
3.2342e-35
8.24555e-35
2.08949e-34
5.26296e-34
1.31762e-33
3.27886e-33
8.11012e-33
1.99392e-32
4.87262e-32
1.18357e-31
2.85763e-31
6.85797e-31
1.63594e-30
3.879e-30
9.14232e-30
2.14179e-29
4.98751e-29
1.15445e-28
2.65618e-28
6.07475e-28
1.38098e-27
3.12062e-27
7.00947e-27
1.56503e-26
3.47341e-26
7.66274e-26
1.68039e-25
3.66297e-25
7.93698e-25
1.70953e-24
3.66017e-24
7.78982e-24
1.648e-23
3.46569e-23
7.24483e-23
1.50547e-22
3.10975e-22
6.38537e-22
1.30333e-21
2.64446e-21
5.33369e-21
1.06938e-20
2.13132e-20
4.22262e-20
8.31628e-20
1.62814e-19
3.16865e-19
6.13019e-19
1.17894e-18
2.25389e-18
4.28345e-18
8.0924e-18
1.51979e-17
2.83737e-17
5.26592e-17
9.71535e-17
1.78185e-16
3.24871e-16
5.88819e-16
1.06092e-15
1.90028e-15
3.38365e-15
5.98944e-15
1.05396e-14
1.84373e-14
3.20634e-14
5.54319e-14
9.52688e-14
1.62773e-13
2.76477e-13
4.6685e-13
7.83687e-13
1.30784e-12
2.16977e-12
3.57868e-12
5.86789e-12
9.56521e-12
1.5501e-11
2.49737e-11
4e-11
6.36938e-11
1.00831e-10
1.58691e-10
2.483e-10
3.86246e-10
5.97337e-10
9.18425e-10
1.40391e-09
2.13357e-09
3.22367e-09
4.84253e-09
7.23224e-09
1.07388e-08
1.58534e-08
2.32688e-08
3.3956e-08
4.92664e-08
7.10688e-08
1.01931e-07
1.45355e-07
2.06091e-07
2.90533e-07
4.0723e-07
5.67542e-07
7.86453e-07
1.0836e-06
1.48452e-06
2.02224e-06
2.73913e-06
3.68916e-06
4.94065e-06
6.5794e-06
8.71242e-06
1.14722e-05
1.50216e-05
1.95593e-05
2.53258e-05
3.261e-05
4.17565e-05
5.31727e-05
6.73369e-05
8.48054e-05
0.000106221
0.000132317
0.000163928
0.000201991
0.000247548
0.000301749
0.000365849
0.000441204
0.00052926
0.000631544
0.000749644
0.000885193
0.00103984
0.00121521
0.00141292
0.00163445
0.00188122
0.00215444
0.00245514
0.00278412
0.00314188
0.00352862
0.00394419
0.00438807
0.00485935
0.00535674
0.00587855
0.00642271
0.00698679
0.00756801
0.00816334
0.00876946
0.00938289
0
